# reactions: 3
Time	S	I	R	N	Fired Reaction
0.0	15.0	78.0	7.0	100.0	 0
0.0075736367946889266	15.0	77.0	8.0	100.0	 2
0.015442122086441166	15.0	76.0	9.0	100.0	 2
0.020019694444783645	15.0	75.0	10.0	100.0	 2
0.022480683540862408	15.0	74.0	11.0	100.0	 2
0.02646672215113199	15.0	73.0	12.0	100.0	 2
0.04022567709860524	15.0	72.0	13.0	100.0	 2
0.06274318853039014	15.0	71.0	14.0	100.0	 2
0.0650871929263677	15.0	70.0	15.0	100.0	 2
0.07754645944860872	14.0	71.0	15.0	100.0	 1
0.09103360440247098	14.0	70.0	16.0	100.0	 2
0.10666981489509438	14.0	69.0	17.0	100.0	 2
0.11688774339262757	15.0	69.0	16.0	100.0	 3
0.11694516991324275	15.0	68.0	17.0	100.0	 2
0.12383866153598937	15.0	67.0	18.0	100.0	 2
0.1279808919440343	15.0	66.0	19.0	100.0	 2
0.12994282251520892	16.0	66.0	18.0	100.0	 3
0.14908434136696025	15.0	67.0	18.0	100.0	 1
0.15608852167350223	15.0	66.0	19.0	100.0	 2
0.16146366264155215	15.0	65.0	20.0	100.0	 2
0.1808336007913499	15.0	64.0	21.0	100.0	 2
0.19153997657559907	15.0	63.0	22.0	100.0	 2
0.2044430574810698	15.0	62.0	23.0	100.0	 2
0.2059364311158643	16.0	62.0	22.0	100.0	 3
0.22003013929926357	17.0	62.0	21.0	100.0	 3
0.22328221308313828	18.0	62.0	20.0	100.0	 3
0.24091909979546353	18.0	61.0	21.0	100.0	 2
0.24514977607166816	18.0	60.0	22.0	100.0	 2
0.25770650072790224	17.0	61.0	22.0	100.0	 1
0.25825277081864206	17.0	60.0	23.0	100.0	 2
0.26691003922857653	17.0	59.0	24.0	100.0	 2
0.2824160507774119	17.0	58.0	25.0	100.0	 2
0.2841952165955833	17.0	57.0	26.0	100.0	 2
0.3405537160645309	18.0	57.0	25.0	100.0	 3
0.3513333447204114	18.0	56.0	26.0	100.0	 2
0.3545701681095544	18.0	55.0	27.0	100.0	 2
0.3572952733544222	18.0	54.0	28.0	100.0	 2
0.3660085615895076	18.0	53.0	29.0	100.0	 2
0.37821703690636027	17.0	54.0	29.0	100.0	 1
0.3831485820251527	16.0	55.0	29.0	100.0	 1
0.3880451900319995	17.0	55.0	28.0	100.0	 3
0.4126674765335997	16.0	56.0	28.0	100.0	 1
0.4162292466422643	16.0	55.0	29.0	100.0	 2
0.433143058532942	16.0	54.0	30.0	100.0	 2
0.5104478441503921	16.0	53.0	31.0	100.0	 2
0.512551485677057	16.0	52.0	32.0	100.0	 2
0.525841549605503	17.0	52.0	31.0	100.0	 3
0.5261200380660132	18.0	52.0	30.0	100.0	 3
0.5273027801638613	18.0	51.0	31.0	100.0	 2
0.5395123375164215	18.0	50.0	32.0	100.0	 2
0.5422378694097056	19.0	50.0	31.0	100.0	 3
0.5431298116378886	19.0	49.0	32.0	100.0	 2
0.5450935826277159	19.0	48.0	33.0	100.0	 2
0.5540596260191405	19.0	47.0	34.0	100.0	 2
0.5725730211083613	20.0	47.0	33.0	100.0	 3
0.575431442283905	20.0	46.0	34.0	100.0	 2
0.5769179736718973	19.0	47.0	34.0	100.0	 1
0.62164032825264	19.0	46.0	35.0	100.0	 2
0.636470352682064	19.0	45.0	36.0	100.0	 2
0.6410596673824717	19.0	44.0	37.0	100.0	 2
0.6523087634164945	20.0	44.0	36.0	100.0	 3
0.6619153643278017	20.0	43.0	37.0	100.0	 2
0.6620350763952243	20.0	42.0	38.0	100.0	 2
0.6718066207157001	21.0	42.0	37.0	100.0	 3
0.6718790328817665	20.0	43.0	37.0	100.0	 1
0.6811294944150207	20.0	42.0	38.0	100.0	 2
0.6883498495156514	21.0	42.0	37.0	100.0	 3
0.6892843523464328	21.0	41.0	38.0	100.0	 2
0.6939140156103177	22.0	41.0	37.0	100.0	 3
0.6968616054928229	21.0	42.0	37.0	100.0	 1
0.7194534420836712	22.0	42.0	36.0	100.0	 3
0.7274431594266294	22.0	41.0	37.0	100.0	 2
0.7401664926018376	23.0	41.0	36.0	100.0	 3
0.7446839944266314	23.0	40.0	37.0	100.0	 2
0.7533011176800649	23.0	39.0	38.0	100.0	 2
0.7588849875832113	22.0	40.0	38.0	100.0	 1
0.7663814476599432	22.0	39.0	39.0	100.0	 2
0.788245354000459	23.0	39.0	38.0	100.0	 3
0.8137789333624963	24.0	39.0	37.0	100.0	 3
0.835974841076488	24.0	38.0	38.0	100.0	 2
0.8581963725815382	23.0	39.0	38.0	100.0	 1
0.8667918261882747	23.0	38.0	39.0	100.0	 2
0.9004719739344977	23.0	37.0	40.0	100.0	 2
0.9112472352428032	23.0	36.0	41.0	100.0	 2
0.9121488606802471	24.0	36.0	40.0	100.0	 3
0.9270835220935822	24.0	35.0	41.0	100.0	 2
0.9376524412194988	23.0	36.0	41.0	100.0	 1
0.9412497539671507	23.0	35.0	42.0	100.0	 2
0.9439305245943348	23.0	34.0	43.0	100.0	 2
0.9506109976583773	24.0	34.0	42.0	100.0	 3
0.9571916650535083	24.0	33.0	43.0	100.0	 2
0.974622687897157	24.0	32.0	44.0	100.0	 2
0.976764982821209	25.0	32.0	43.0	100.0	 3
1.0278725524507777	25.0	31.0	44.0	100.0	 2
1.033092901276185	25.0	30.0	45.0	100.0	 2
1.0433036053257014	26.0	30.0	44.0	100.0	 3
1.0435985502836955	26.0	29.0	45.0	100.0	 2
1.0584572246771526	26.0	28.0	46.0	100.0	 2
1.0683462220094084	26.0	27.0	47.0	100.0	 2
1.0751292300432733	26.0	26.0	48.0	100.0	 2
1.0809656427178147	26.0	25.0	49.0	100.0	 2
1.1052230343533824	27.0	25.0	48.0	100.0	 3
1.1198377344411061	27.0	24.0	49.0	100.0	 2
1.1204359713844925	28.0	24.0	48.0	100.0	 3
1.1218440125543863	27.0	25.0	48.0	100.0	 1
1.1246622469129768	28.0	25.0	47.0	100.0	 3
1.1265683759161913	27.0	26.0	47.0	100.0	 1
1.1400439338029256	26.0	27.0	47.0	100.0	 1
1.1440039043930763	26.0	26.0	48.0	100.0	 2
1.1611105112061377	27.0	26.0	47.0	100.0	 3
1.1664013813358303	26.0	27.0	47.0	100.0	 1
1.1680294013305885	27.0	27.0	46.0	100.0	 3
1.1682823783809733	27.0	26.0	47.0	100.0	 2
1.1760202835361948	27.0	25.0	48.0	100.0	 2
1.1818121640367378	28.0	25.0	47.0	100.0	 3
1.1843629326398286	27.0	26.0	47.0	100.0	 1
1.209166989512271	26.0	27.0	47.0	100.0	 1
1.2324039044768083	27.0	27.0	46.0	100.0	 3
1.2478284432596254	26.0	28.0	46.0	100.0	 1
1.2486648381808552	25.0	29.0	46.0	100.0	 1
1.256594320017159	25.0	28.0	47.0	100.0	 2
1.2955566325236803	25.0	27.0	48.0	100.0	 2
1.3100061692468734	26.0	27.0	47.0	100.0	 3
1.3220727197789093	27.0	27.0	46.0	100.0	 3
1.3386440239765682	26.0	28.0	46.0	100.0	 1
1.3414358933294501	25.0	29.0	46.0	100.0	 1
1.342916152867746	24.0	30.0	46.0	100.0	 1
1.3464908367853297	25.0	30.0	45.0	100.0	 3
1.3716851562007064	24.0	31.0	45.0	100.0	 1
1.3733185129088175	23.0	32.0	45.0	100.0	 1
1.3807916676952203	23.0	31.0	46.0	100.0	 2
1.3840010022057772	23.0	30.0	47.0	100.0	 2
1.3909022727390579	23.0	29.0	48.0	100.0	 2
1.419800023237557	24.0	29.0	47.0	100.0	 3
1.4276767984965646	25.0	29.0	46.0	100.0	 3
1.4647877559949765	24.0	30.0	46.0	100.0	 1
1.479145821993686	24.0	29.0	47.0	100.0	 2
1.5207253319123997	24.0	28.0	48.0	100.0	 2
1.5383573104734678	25.0	28.0	47.0	100.0	 3
1.540542757664932	25.0	27.0	48.0	100.0	 2
1.5668046609374235	26.0	27.0	47.0	100.0	 3
1.5797291844850687	26.0	26.0	48.0	100.0	 2
1.5799439491923934	27.0	26.0	47.0	100.0	 3
1.5811691328034607	27.0	25.0	48.0	100.0	 2
1.5867947572685885	27.0	24.0	49.0	100.0	 2
1.6040188321621727	27.0	23.0	50.0	100.0	 2
1.6155361293457942	28.0	23.0	49.0	100.0	 3
1.6205272136799551	27.0	24.0	49.0	100.0	 1
1.6533028137206014	28.0	24.0	48.0	100.0	 3
1.6871036363127991	27.0	25.0	48.0	100.0	 1
1.7105101942573422	28.0	25.0	47.0	100.0	 3
1.7160778191368862	29.0	25.0	46.0	100.0	 3
1.7514537474249685	28.0	26.0	46.0	100.0	 1
1.755634179358055	29.0	26.0	45.0	100.0	 3
1.7588061516969948	30.0	26.0	44.0	100.0	 3
1.7609506734605362	29.0	27.0	44.0	100.0	 1
1.770491220050571	30.0	27.0	43.0	100.0	 3
1.7722807888833125	31.0	27.0	42.0	100.0	 3
1.8102680171718797	32.0	27.0	41.0	100.0	 3
1.8152161257933408	33.0	27.0	40.0	100.0	 3
1.8156039125280505	33.0	26.0	41.0	100.0	 2
1.8261669317195834	34.0	26.0	40.0	100.0	 3
1.8278100553900933	35.0	26.0	39.0	100.0	 3
1.8543807124312452	34.0	27.0	39.0	100.0	 1
1.8591331512054525	34.0	26.0	40.0	100.0	 2
1.8877428998006895	34.0	25.0	41.0	100.0	 2
1.9111693871339948	33.0	26.0	41.0	100.0	 1
1.9126766447469838	34.0	26.0	40.0	100.0	 3
1.9282471106000842	34.0	25.0	41.0	100.0	 2
1.9517114175420276	35.0	25.0	40.0	100.0	 3
1.9652620829445528	34.0	26.0	40.0	100.0	 1
1.9672222853137582	34.0	25.0	41.0	100.0	 2
1.9697077740677218	34.0	24.0	42.0	100.0	 2
1.9780045808569346	34.0	23.0	43.0	100.0	 2
2.001485227347912	34.0	22.0	44.0	100.0	 2
2.01904690101074	34.0	21.0	45.0	100.0	 2
2.040104610575036	34.0	20.0	46.0	100.0	 2
2.0494563065714346	35.0	20.0	45.0	100.0	 3
2.077544286417378	36.0	20.0	44.0	100.0	 3
2.1114741297679873	35.0	21.0	44.0	100.0	 1
2.1265052038059844	36.0	21.0	43.0	100.0	 3
2.1284756701399314	37.0	21.0	42.0	100.0	 3
2.1632226535460917	38.0	21.0	41.0	100.0	 3
2.1772422034175696	38.0	20.0	42.0	100.0	 2
2.1773175610015194	38.0	19.0	43.0	100.0	 2
2.1960333341385767	38.0	18.0	44.0	100.0	 2
2.2198771778398463	37.0	19.0	44.0	100.0	 1
2.223098464276884	36.0	20.0	44.0	100.0	 1
2.2280539362185516	35.0	21.0	44.0	100.0	 1
2.233477272005062	35.0	20.0	45.0	100.0	 2
2.261471191677504	36.0	20.0	44.0	100.0	 3
2.265438060733876	37.0	20.0	43.0	100.0	 3
2.2892996380245574	37.0	19.0	44.0	100.0	 2
2.3232971552390294	36.0	20.0	44.0	100.0	 1
2.3479976452848317	37.0	20.0	43.0	100.0	 3
2.3557995482536667	38.0	20.0	42.0	100.0	 3
2.366715894941416	39.0	20.0	41.0	100.0	 3
2.3817408454992393	39.0	19.0	42.0	100.0	 2
2.393315416806877	39.0	18.0	43.0	100.0	 2
2.404444805708321	38.0	19.0	43.0	100.0	 1
2.410723140848873	37.0	20.0	43.0	100.0	 1
2.4107676164234153	38.0	20.0	42.0	100.0	 3
2.4571019284209656	37.0	21.0	42.0	100.0	 1
2.4848392738521063	38.0	21.0	41.0	100.0	 3
2.490704616850207	37.0	22.0	41.0	100.0	 1
2.513057632640377	38.0	22.0	40.0	100.0	 3
2.5287230400523355	37.0	23.0	40.0	100.0	 1
2.529759321719094	38.0	23.0	39.0	100.0	 3
2.540462663290402	39.0	23.0	38.0	100.0	 3
2.569706736309646	38.0	24.0	38.0	100.0	 1
2.5703327055417335	39.0	24.0	37.0	100.0	 3
2.5907505800525867	40.0	24.0	36.0	100.0	 3
2.591107575788597	40.0	23.0	37.0	100.0	 2
2.592775717678128	39.0	24.0	37.0	100.0	 1
2.6031667903552846	38.0	25.0	37.0	100.0	 1
2.631761828462209	38.0	24.0	38.0	100.0	 2
2.640644493384821	39.0	24.0	37.0	100.0	 3
2.69318277722986	38.0	25.0	37.0	100.0	 1
2.6959657565869155	38.0	24.0	38.0	100.0	 2
2.700849896274687	37.0	25.0	38.0	100.0	 1
2.7094690208264556	36.0	26.0	38.0	100.0	 1
2.7095221388199437	36.0	25.0	39.0	100.0	 2
2.718587553796365	36.0	24.0	40.0	100.0	 2
2.726597562461199	35.0	25.0	40.0	100.0	 1
2.730321143381361	36.0	25.0	39.0	100.0	 3
2.775340428653697	35.0	26.0	39.0	100.0	 1
2.7880500581500596	35.0	25.0	40.0	100.0	 2
2.8026429476283687	35.0	24.0	41.0	100.0	 2
2.8055614037570105	36.0	24.0	40.0	100.0	 3
2.8129862293567345	36.0	23.0	41.0	100.0	 2
2.8214297597490368	35.0	24.0	41.0	100.0	 1
2.821438998145644	34.0	25.0	41.0	100.0	 1
2.8322084213330974	33.0	26.0	41.0	100.0	 1
2.839555186578182	34.0	26.0	40.0	100.0	 3
2.850273678971567	33.0	27.0	40.0	100.0	 1
2.895837149322681	32.0	28.0	40.0	100.0	 1
2.9065350705968145	33.0	28.0	39.0	100.0	 3
2.9111117531889033	34.0	28.0	38.0	100.0	 3
2.911466255692535	34.0	27.0	39.0	100.0	 2
2.9150537005938326	35.0	27.0	38.0	100.0	 3
2.950366307949246	36.0	27.0	37.0	100.0	 3
2.951792912141648	36.0	26.0	38.0	100.0	 2
2.9578276119862066	37.0	26.0	37.0	100.0	 3
2.967241472682481	36.0	27.0	37.0	100.0	 1
2.9851448222187704	35.0	28.0	37.0	100.0	 1
2.9986514982213817	35.0	27.0	38.0	100.0	 2
3.011053181332342	36.0	27.0	37.0	100.0	 3
3.04362942320165	37.0	27.0	36.0	100.0	 3
3.0600460376485166	38.0	27.0	35.0	100.0	 3
3.076409175218684	37.0	28.0	35.0	100.0	 1
3.101652638189122	37.0	27.0	36.0	100.0	 2
3.124539972608791	38.0	27.0	35.0	100.0	 3
3.149630131671943	38.0	26.0	36.0	100.0	 2
3.1601676038959323	37.0	27.0	36.0	100.0	 1
3.1617834665337887	38.0	27.0	35.0	100.0	 3
3.1656668397501946	39.0	27.0	34.0	100.0	 3
3.168579099709484	39.0	26.0	35.0	100.0	 2
3.1749621271538597	40.0	26.0	34.0	100.0	 3
3.176653882642734	40.0	25.0	35.0	100.0	 2
3.1912195014025597	40.0	24.0	36.0	100.0	 2
3.1979870446707386	40.0	23.0	37.0	100.0	 2
3.22396614458752	39.0	24.0	37.0	100.0	 1
3.2242407546961203	39.0	23.0	38.0	100.0	 2
3.225167709250092	39.0	22.0	39.0	100.0	 2
3.232076656057684	38.0	23.0	39.0	100.0	 1
3.234205569710447	37.0	24.0	39.0	100.0	 1
3.23643570402075	37.0	23.0	40.0	100.0	 2
3.244811997845853	36.0	24.0	40.0	100.0	 1
3.260115860280471	37.0	24.0	39.0	100.0	 3
3.276079739418378	38.0	24.0	38.0	100.0	 3
3.282136176342995	37.0	25.0	38.0	100.0	 1
3.2844415162627616	37.0	24.0	39.0	100.0	 2
3.2901084295751915	36.0	25.0	39.0	100.0	 1
3.295056320546225	37.0	25.0	38.0	100.0	 3
3.305170694534536	38.0	25.0	37.0	100.0	 3
3.3121497618546076	38.0	24.0	38.0	100.0	 2
3.325471275941462	37.0	25.0	38.0	100.0	 1
3.3357231097461777	37.0	24.0	39.0	100.0	 2
3.338847061813471	37.0	23.0	40.0	100.0	 2
3.368693586888842	36.0	24.0	40.0	100.0	 1
3.3733210247046155	36.0	23.0	41.0	100.0	 2
3.427285624905197	37.0	23.0	40.0	100.0	 3
3.4613770354796056	36.0	24.0	40.0	100.0	 1
3.4629809218882825	35.0	25.0	40.0	100.0	 1
3.472022199856645	36.0	25.0	39.0	100.0	 3
3.50155247565295	36.0	24.0	40.0	100.0	 2
3.5175656261658865	36.0	23.0	41.0	100.0	 2
3.5313985568274444	35.0	24.0	41.0	100.0	 1
3.532654068088176	34.0	25.0	41.0	100.0	 1
3.5378545876956204	33.0	26.0	41.0	100.0	 1
3.5460485560719404	33.0	25.0	42.0	100.0	 2
3.565767463668652	32.0	26.0	42.0	100.0	 1
3.6173488371337252	31.0	27.0	42.0	100.0	 1
3.6260568573070713	32.0	27.0	41.0	100.0	 3
3.6283263323521915	33.0	27.0	40.0	100.0	 3
3.629220786627245	33.0	26.0	41.0	100.0	 2
3.6355704388200887	32.0	27.0	41.0	100.0	 1
3.6842241417883126	33.0	27.0	40.0	100.0	 3
3.70057188079194	33.0	26.0	41.0	100.0	 2
3.702989803113236	34.0	26.0	40.0	100.0	 3
3.713476984704597	33.0	27.0	40.0	100.0	 1
3.7281672066717655	32.0	28.0	40.0	100.0	 1
3.7646222074902966	33.0	28.0	39.0	100.0	 3
3.795294681713716	34.0	28.0	38.0	100.0	 3
3.8142125509095326	34.0	27.0	39.0	100.0	 2
3.8145825581295347	34.0	26.0	40.0	100.0	 2
3.817659584346993	33.0	27.0	40.0	100.0	 1
3.822675340670251	34.0	27.0	39.0	100.0	 3
3.8317581253584603	34.0	26.0	40.0	100.0	 2
3.835336316118318	33.0	27.0	40.0	100.0	 1
3.867785277892707	32.0	28.0	40.0	100.0	 1
3.876556500489343	32.0	27.0	41.0	100.0	 2
3.8806288608953166	33.0	27.0	40.0	100.0	 3
3.8832716167646475	32.0	28.0	40.0	100.0	 1
3.9042557545850367	32.0	27.0	41.0	100.0	 2
3.9156420129419005	31.0	28.0	41.0	100.0	 1
3.9474654019643376	31.0	27.0	42.0	100.0	 2
3.9588132248927828	32.0	27.0	41.0	100.0	 3
3.967208068000398	32.0	26.0	42.0	100.0	 2
3.986173263204725	31.0	27.0	42.0	100.0	 1
3.988465837818116	31.0	26.0	43.0	100.0	 2
4.007223768389983	31.0	25.0	44.0	100.0	 2
4.016356480291006	31.0	24.0	45.0	100.0	 2
4.016548609642111	32.0	24.0	44.0	100.0	 3
4.019964718976804	31.0	25.0	44.0	100.0	 1
4.0514925011547085	31.0	24.0	45.0	100.0	 2
4.067048000473471	32.0	24.0	44.0	100.0	 3
4.079500608100158	31.0	25.0	44.0	100.0	 1
4.082352911649747	30.0	26.0	44.0	100.0	 1
4.08846932130549	30.0	25.0	45.0	100.0	 2
4.089464676903185	31.0	25.0	44.0	100.0	 3
4.099792649858096	30.0	26.0	44.0	100.0	 1
4.102779625266763	29.0	27.0	44.0	100.0	 1
4.117155640569086	30.0	27.0	43.0	100.0	 3
4.143363797267301	31.0	27.0	42.0	100.0	 3
4.149259951753169	31.0	26.0	43.0	100.0	 2
4.166303486392872	32.0	26.0	42.0	100.0	 3
4.17326467891515	32.0	25.0	43.0	100.0	 2
4.195163570287314	32.0	24.0	44.0	100.0	 2
4.2062014360850295	31.0	25.0	44.0	100.0	 1
4.212050245562314	31.0	24.0	45.0	100.0	 2
4.234652850057172	32.0	24.0	44.0	100.0	 3
4.246645677443866	33.0	24.0	43.0	100.0	 3
4.247662521512175	33.0	23.0	44.0	100.0	 2
4.265457034754575	34.0	23.0	43.0	100.0	 3
4.2666341362296105	33.0	24.0	43.0	100.0	 1
4.274823509574344	34.0	24.0	42.0	100.0	 3
4.2764794753804445	33.0	25.0	42.0	100.0	 1
4.306968436454342	32.0	26.0	42.0	100.0	 1
4.320403184389843	32.0	25.0	43.0	100.0	 2
4.344728380843518	32.0	24.0	44.0	100.0	 2
4.378636065143552	33.0	24.0	43.0	100.0	 3
4.407121392078349	34.0	24.0	42.0	100.0	 3
4.413151366054413	35.0	24.0	41.0	100.0	 3
4.427544200004293	35.0	23.0	42.0	100.0	 2
4.431372137126279	36.0	23.0	41.0	100.0	 3
4.447748071212377	35.0	24.0	41.0	100.0	 1
4.457212825598975	34.0	25.0	41.0	100.0	 1
4.4604520918267	34.0	24.0	42.0	100.0	 2
4.473346900933695	34.0	23.0	43.0	100.0	 2
4.47557559282712	35.0	23.0	42.0	100.0	 3
4.504342654639799	36.0	23.0	41.0	100.0	 3
4.506152939769276	35.0	24.0	41.0	100.0	 1
4.528163739998392	35.0	23.0	42.0	100.0	 2
4.545185411396973	35.0	22.0	43.0	100.0	 2
4.549303645714511	34.0	23.0	43.0	100.0	 1
4.549688375843129	35.0	23.0	42.0	100.0	 3
4.563324151826218	36.0	23.0	41.0	100.0	 3
4.576102128847131	36.0	22.0	42.0	100.0	 2
4.583576423591969	37.0	22.0	41.0	100.0	 3
4.586166943229467	36.0	23.0	41.0	100.0	 1
4.593321333911051	36.0	22.0	42.0	100.0	 2
4.596889229126828	35.0	23.0	42.0	100.0	 1
4.6015506401616415	34.0	24.0	42.0	100.0	 1
4.6041624487225885	33.0	25.0	42.0	100.0	 1
4.61133856294646	32.0	26.0	42.0	100.0	 1
4.613217807876209	32.0	25.0	43.0	100.0	 2
4.617692301311852	32.0	24.0	44.0	100.0	 2
4.6196038037694205	32.0	23.0	45.0	100.0	 2
4.626278417466379	31.0	24.0	45.0	100.0	 1
4.631251991940977	32.0	24.0	44.0	100.0	 3
4.6529976600176015	33.0	24.0	43.0	100.0	 3
4.674665015810018	33.0	23.0	44.0	100.0	 2
4.69649092693167	34.0	23.0	43.0	100.0	 3
4.699231484846487	35.0	23.0	42.0	100.0	 3
4.709854198170672	36.0	23.0	41.0	100.0	 3
4.731757485224455	37.0	23.0	40.0	100.0	 3
4.751056368842067	38.0	23.0	39.0	100.0	 3
4.76322658140586	39.0	23.0	38.0	100.0	 3
4.770955452128207	38.0	24.0	38.0	100.0	 1
4.7753607763345896	37.0	25.0	38.0	100.0	 1
4.779203301905817	36.0	26.0	38.0	100.0	 1
4.782317360324881	37.0	26.0	37.0	100.0	 3
4.789611032461077	36.0	27.0	37.0	100.0	 1
4.793326334825787	36.0	26.0	38.0	100.0	 2
4.7949277929516265	36.0	25.0	39.0	100.0	 2
4.797592597885271	35.0	26.0	39.0	100.0	 1
4.826955134999252	34.0	27.0	39.0	100.0	 1
4.835980607170416	35.0	27.0	38.0	100.0	 3
4.854490493229998	36.0	27.0	37.0	100.0	 3
4.903627054249649	35.0	28.0	37.0	100.0	 1
4.92131039783616	34.0	29.0	37.0	100.0	 1
4.922866803090243	35.0	29.0	36.0	100.0	 3
4.927130240529787	34.0	30.0	36.0	100.0	 1
4.928971145352273	34.0	29.0	37.0	100.0	 2
4.940723324264898	33.0	30.0	37.0	100.0	 1
4.976792136299705	33.0	29.0	38.0	100.0	 2
4.98039110550087	32.0	30.0	38.0	100.0	 1
4.990138874722323	31.0	31.0	38.0	100.0	 1
4.99649601138474	31.0	30.0	39.0	100.0	 2
5.009527435818026	32.0	30.0	38.0	100.0	 3
5.038512979347115	33.0	30.0	37.0	100.0	 3
5.050530779589851	34.0	30.0	36.0	100.0	 3
5.0583477698997505	33.0	31.0	36.0	100.0	 1
5.066279731464628	33.0	30.0	37.0	100.0	 2
5.092910094849402	34.0	30.0	36.0	100.0	 3
5.11948200435393	33.0	31.0	36.0	100.0	 1
5.134492219548868	33.0	30.0	37.0	100.0	 2
5.1528232158172695	33.0	29.0	38.0	100.0	 2
5.158039990272205	32.0	30.0	38.0	100.0	 1
5.158319784125682	31.0	31.0	38.0	100.0	 1
5.161753060631446	31.0	30.0	39.0	100.0	 2
5.18001952679006	30.0	31.0	39.0	100.0	 1
5.18835588325467	30.0	30.0	40.0	100.0	 2
5.195016913505604	29.0	31.0	40.0	100.0	 1
5.195994872482908	30.0	31.0	39.0	100.0	 3
5.21400391944019	31.0	31.0	38.0	100.0	 3
5.2501802834494775	32.0	31.0	37.0	100.0	 3
5.260938155508241	33.0	31.0	36.0	100.0	 3
5.270503007779771	33.0	30.0	37.0	100.0	 2
5.275166453096129	32.0	31.0	37.0	100.0	 1
5.285464951031651	31.0	32.0	37.0	100.0	 1
5.294848562108357	31.0	31.0	38.0	100.0	 2
5.315712290354772	30.0	32.0	38.0	100.0	 1
5.337577878674306	30.0	31.0	39.0	100.0	 2
5.341103408641154	30.0	30.0	40.0	100.0	 2
5.341179931905679	30.0	29.0	41.0	100.0	 2
5.359848551223373	30.0	28.0	42.0	100.0	 2
5.381587522675049	31.0	28.0	41.0	100.0	 3
5.395674399942708	32.0	28.0	40.0	100.0	 3
5.40282645667411	33.0	28.0	39.0	100.0	 3
5.405155432477905	34.0	28.0	38.0	100.0	 3
5.426252735595589	34.0	27.0	39.0	100.0	 2
5.46078639213793	34.0	26.0	40.0	100.0	 2
5.461025922339907	34.0	25.0	41.0	100.0	 2
5.532618247755813	33.0	26.0	41.0	100.0	 1
5.536792948877785	33.0	25.0	42.0	100.0	 2
5.5774305203401955	33.0	24.0	43.0	100.0	 2
5.59987427847768	33.0	23.0	44.0	100.0	 2
5.610523228704739	34.0	23.0	43.0	100.0	 3
5.6553736250227615	35.0	23.0	42.0	100.0	 3
5.670785025458988	34.0	24.0	42.0	100.0	 1
5.67103924988492	35.0	24.0	41.0	100.0	 3
5.677721024979922	34.0	25.0	41.0	100.0	 1
5.680596623164779	35.0	25.0	40.0	100.0	 3
5.706616111727553	34.0	26.0	40.0	100.0	 1
5.721950241430791	34.0	25.0	41.0	100.0	 2
5.736186423466859	35.0	25.0	40.0	100.0	 3
5.737028250973581	36.0	25.0	39.0	100.0	 3
5.771653972798996	35.0	26.0	39.0	100.0	 1
5.781534657533762	34.0	27.0	39.0	100.0	 1
5.798881002015424	34.0	26.0	40.0	100.0	 2
5.802466238665811	33.0	27.0	40.0	100.0	 1
5.816399554781239	32.0	28.0	40.0	100.0	 1
5.834156137153626	33.0	28.0	39.0	100.0	 3
5.855128032817066	33.0	27.0	40.0	100.0	 2
5.861245763899108	34.0	27.0	39.0	100.0	 3
5.861784350762263	34.0	26.0	40.0	100.0	 2
5.894431281829113	35.0	26.0	39.0	100.0	 3
5.908321929502814	34.0	27.0	39.0	100.0	 1
5.917736858477133	34.0	26.0	40.0	100.0	 2
5.927891130972484	34.0	25.0	41.0	100.0	 2
5.972226481760862	35.0	25.0	40.0	100.0	 3
5.989378467534586	36.0	25.0	39.0	100.0	 3
6.000379428163421	36.0	24.0	40.0	100.0	 2
6.000403096506114	36.0	23.0	41.0	100.0	 2
6.001871153042541	37.0	23.0	40.0	100.0	 3
6.001976312200279	37.0	22.0	41.0	100.0	 2
6.018142915158076	38.0	22.0	40.0	100.0	 3
6.0187297537244975	38.0	21.0	41.0	100.0	 2
6.018913197180841	38.0	20.0	42.0	100.0	 2
6.029055102124821	38.0	19.0	43.0	100.0	 2
6.040406437950011	39.0	19.0	42.0	100.0	 3
6.041032467701171	40.0	19.0	41.0	100.0	 3
6.042718214914291	39.0	20.0	41.0	100.0	 1
6.045828418568807	39.0	19.0	42.0	100.0	 2
6.047107053538919	38.0	20.0	42.0	100.0	 1
6.055827191627573	37.0	21.0	42.0	100.0	 1
6.0678112923489875	37.0	20.0	43.0	100.0	 2
6.075828996630698	37.0	19.0	44.0	100.0	 2
6.086574696455082	36.0	20.0	44.0	100.0	 1
6.130358871987092	35.0	21.0	44.0	100.0	 1
6.132626777178302	36.0	21.0	43.0	100.0	 3
6.139937740243619	37.0	21.0	42.0	100.0	 3
6.15898571870118	38.0	21.0	41.0	100.0	 3
6.159761825763903	37.0	22.0	41.0	100.0	 1
6.162574842853882	37.0	21.0	42.0	100.0	 2
6.177460877738481	36.0	22.0	42.0	100.0	 1
6.177987997517754	37.0	22.0	41.0	100.0	 3
6.180482113877039	36.0	23.0	41.0	100.0	 1
6.2083234583795015	35.0	24.0	41.0	100.0	 1
6.222140067314563	36.0	24.0	40.0	100.0	 3
6.224557682683695	37.0	24.0	39.0	100.0	 3
6.226271830134943	36.0	25.0	39.0	100.0	 1
6.228473532218286	35.0	26.0	39.0	100.0	 1
6.23452875095033	36.0	26.0	38.0	100.0	 3
6.237389423408214	35.0	27.0	38.0	100.0	 1
6.241673477325162	35.0	26.0	39.0	100.0	 2
6.2449272159792475	34.0	27.0	39.0	100.0	 1
6.2491640873412795	35.0	27.0	38.0	100.0	 3
6.250164422708018	34.0	28.0	38.0	100.0	 1
6.263929005881046	35.0	28.0	37.0	100.0	 3
6.264775497193141	35.0	27.0	38.0	100.0	 2
6.2760994296199835	34.0	28.0	38.0	100.0	 1
6.3025657791393614	34.0	27.0	39.0	100.0	 2
6.310008905229178	33.0	28.0	39.0	100.0	 1
6.316027760787427	32.0	29.0	39.0	100.0	 1
6.321849118173072	33.0	29.0	38.0	100.0	 3
6.337469375116867	34.0	29.0	37.0	100.0	 3
6.340807790849667	33.0	30.0	37.0	100.0	 1
6.351604587685705	32.0	31.0	37.0	100.0	 1
6.360570288868094	33.0	31.0	36.0	100.0	 3
6.366452206817563	34.0	31.0	35.0	100.0	 3
6.381605654863303	33.0	32.0	35.0	100.0	 1
6.382428101523273	34.0	32.0	34.0	100.0	 3
6.383720963430579	34.0	31.0	35.0	100.0	 2
6.407238433292752	33.0	32.0	35.0	100.0	 1
6.423406638370529	33.0	31.0	36.0	100.0	 2
6.435890588935299	32.0	32.0	36.0	100.0	 1
6.436290082506233	31.0	33.0	36.0	100.0	 1
6.49731789406922	31.0	32.0	37.0	100.0	 2
6.500202143660024	31.0	31.0	38.0	100.0	 2
6.502087470352653	30.0	32.0	38.0	100.0	 1
6.516889335069925	29.0	33.0	38.0	100.0	 1
6.528625063268578	30.0	33.0	37.0	100.0	 3
6.542981417495634	30.0	32.0	38.0	100.0	 2
6.562056223883997	29.0	33.0	38.0	100.0	 1
6.577057373057116	28.0	34.0	38.0	100.0	 1
6.582242689291953	27.0	35.0	38.0	100.0	 1
6.589161942649873	27.0	34.0	39.0	100.0	 2
6.603488770580969	28.0	34.0	38.0	100.0	 3
6.629825334679433	28.0	33.0	39.0	100.0	 2
6.648032083631688	29.0	33.0	38.0	100.0	 3
6.651204386392283	29.0	32.0	39.0	100.0	 2
6.675631392389981	29.0	31.0	40.0	100.0	 2
6.675853081031414	29.0	30.0	41.0	100.0	 2
6.730402075392361	29.0	29.0	42.0	100.0	 2
6.764544558971108	30.0	29.0	41.0	100.0	 3
6.767878296493518	30.0	28.0	42.0	100.0	 2
6.7715880469067855	31.0	28.0	41.0	100.0	 3
6.771900525591909	31.0	27.0	42.0	100.0	 2
6.773011963796005	32.0	27.0	41.0	100.0	 3
6.780224755488431	32.0	26.0	42.0	100.0	 2
6.781222746552916	31.0	27.0	42.0	100.0	 1
6.784981364365445	31.0	26.0	43.0	100.0	 2
6.787480779520554	31.0	25.0	44.0	100.0	 2
6.795950459377691	31.0	24.0	45.0	100.0	 2
6.815810810093942	30.0	25.0	45.0	100.0	 1
6.82605328858176	30.0	24.0	46.0	100.0	 2
6.876119722691557	30.0	23.0	47.0	100.0	 2
6.936421720272208	29.0	24.0	47.0	100.0	 1
6.9791699010474755	29.0	23.0	48.0	100.0	 2
7.019866986657645	30.0	23.0	47.0	100.0	 3
7.038598211553335	30.0	22.0	48.0	100.0	 2
7.057282178014623	30.0	21.0	49.0	100.0	 2
7.072328421926599	29.0	22.0	49.0	100.0	 1
7.076200555582647	29.0	21.0	50.0	100.0	 2
7.085026774342061	29.0	20.0	51.0	100.0	 2
7.088734500497025	30.0	20.0	50.0	100.0	 3
7.123843518450553	30.0	19.0	51.0	100.0	 2
7.143771143789938	31.0	19.0	50.0	100.0	 3
7.144385789448878	31.0	18.0	51.0	100.0	 2
7.1502458522147165	30.0	19.0	51.0	100.0	 1
7.155511941003256	31.0	19.0	50.0	100.0	 3
7.191727305619644	32.0	19.0	49.0	100.0	 3
7.229034199846367	31.0	20.0	49.0	100.0	 1
7.241729463560334	32.0	20.0	48.0	100.0	 3
7.261111815886364	31.0	21.0	48.0	100.0	 1
7.26379024887014	32.0	21.0	47.0	100.0	 3
7.272277558658343	33.0	21.0	46.0	100.0	 3
7.30374791818154	34.0	21.0	45.0	100.0	 3
7.319346697086327	33.0	22.0	45.0	100.0	 1
7.345885271006051	33.0	21.0	46.0	100.0	 2
7.3692587827730724	33.0	20.0	47.0	100.0	 2
7.373608072347475	34.0	20.0	46.0	100.0	 3
7.383526370059097	34.0	19.0	47.0	100.0	 2
7.397284700452521	34.0	18.0	48.0	100.0	 2
7.429445036794292	34.0	17.0	49.0	100.0	 2
7.449323982362663	35.0	17.0	48.0	100.0	 3
7.461946985433499	36.0	17.0	47.0	100.0	 3
7.519600401924216	36.0	16.0	48.0	100.0	 2
7.520456527970742	36.0	15.0	49.0	100.0	 2
7.52228963779839	35.0	16.0	49.0	100.0	 1
7.555780367344785	34.0	17.0	49.0	100.0	 1
7.558167512592119	34.0	16.0	50.0	100.0	 2
7.560594191701513	34.0	15.0	51.0	100.0	 2
7.570956063727379	33.0	16.0	51.0	100.0	 1
7.576628263946844	34.0	16.0	50.0	100.0	 3
7.577762380073541	33.0	17.0	50.0	100.0	 1
7.582984899183616	32.0	18.0	50.0	100.0	 1
7.584144561916737	31.0	19.0	50.0	100.0	 1
7.612513878950394	30.0	20.0	50.0	100.0	 1
7.63729001058503	29.0	21.0	50.0	100.0	 1
7.660836241899303	30.0	21.0	49.0	100.0	 3
7.662084357127297	29.0	22.0	49.0	100.0	 1
7.664367685919067	30.0	22.0	48.0	100.0	 3
7.68259405681214	31.0	22.0	47.0	100.0	 3
7.691558886178821	32.0	22.0	46.0	100.0	 3
7.7062549715819015	31.0	23.0	46.0	100.0	 1
7.712909342333135	31.0	22.0	47.0	100.0	 2
7.71658578560153	32.0	22.0	46.0	100.0	 3
7.733236128515194	31.0	23.0	46.0	100.0	 1
7.7334429035438665	31.0	22.0	47.0	100.0	 2
7.750096016610515	30.0	23.0	47.0	100.0	 1
7.752233175078131	30.0	22.0	48.0	100.0	 2
7.776772477702558	30.0	21.0	49.0	100.0	 2
7.7959039272762745	31.0	21.0	48.0	100.0	 3
7.815123247257406	30.0	22.0	48.0	100.0	 1
7.816295060138813	31.0	22.0	47.0	100.0	 3
7.851206597049314	32.0	22.0	46.0	100.0	 3
7.856433830673785	31.0	23.0	46.0	100.0	 1
7.877465683951909	30.0	24.0	46.0	100.0	 1
7.8887220530152975	31.0	24.0	45.0	100.0	 3
7.908220715122698	31.0	23.0	46.0	100.0	 2
7.9087822701943	31.0	22.0	47.0	100.0	 2
7.930521642713506	32.0	22.0	46.0	100.0	 3
7.931977122755963	31.0	23.0	46.0	100.0	 1
7.932222471268732	30.0	24.0	46.0	100.0	 1
7.944268086157106	29.0	25.0	46.0	100.0	 1
7.953696562295764	29.0	24.0	47.0	100.0	 2
7.960021518516326	29.0	23.0	48.0	100.0	 2
7.965634077868042	29.0	22.0	49.0	100.0	 2
7.967729716758347	28.0	23.0	49.0	100.0	 1
7.980408538526645	28.0	22.0	50.0	100.0	 2
8.003890932034972	29.0	22.0	49.0	100.0	 3
8.004518924326309	29.0	21.0	50.0	100.0	 2
8.010269053222173	30.0	21.0	49.0	100.0	 3
8.015280514816785	30.0	20.0	50.0	100.0	 2
8.01538520953089	30.0	19.0	51.0	100.0	 2
8.030050099213636	31.0	19.0	50.0	100.0	 3
8.103494005923622	30.0	20.0	50.0	100.0	 1
8.11917101757244	30.0	19.0	51.0	100.0	 2
8.12115501533893	31.0	19.0	50.0	100.0	 3
8.12670948241885	32.0	19.0	49.0	100.0	 3
8.13275174418873	33.0	19.0	48.0	100.0	 3
8.14230949737281	33.0	18.0	49.0	100.0	 2
8.14827075700183	34.0	18.0	48.0	100.0	 3
8.14932250742434	34.0	17.0	49.0	100.0	 2
8.170807504316649	33.0	18.0	49.0	100.0	 1
8.171771530789883	32.0	19.0	49.0	100.0	 1
8.183835515696815	31.0	20.0	49.0	100.0	 1
8.18614745670051	31.0	19.0	50.0	100.0	 2
8.186286820203131	32.0	19.0	49.0	100.0	 3
8.18825282630178	33.0	19.0	48.0	100.0	 3
8.192248770042918	34.0	19.0	47.0	100.0	 3
8.198885797809988	33.0	20.0	47.0	100.0	 1
8.200023688259996	34.0	20.0	46.0	100.0	 3
8.21554553487432	33.0	21.0	46.0	100.0	 1
8.238844177586191	32.0	22.0	46.0	100.0	 1
8.2638658325783	33.0	22.0	45.0	100.0	 3
8.278661675485832	34.0	22.0	44.0	100.0	 3
8.281982766463221	35.0	22.0	43.0	100.0	 3
8.295673325449172	35.0	21.0	44.0	100.0	 2
8.302781103500212	34.0	22.0	44.0	100.0	 1
8.313827706779664	33.0	23.0	44.0	100.0	 1
8.317441580444385	32.0	24.0	44.0	100.0	 1
8.335177039481808	33.0	24.0	43.0	100.0	 3
8.336389515359619	33.0	23.0	44.0	100.0	 2
8.342334131991299	32.0	24.0	44.0	100.0	 1
8.359564328247512	33.0	24.0	43.0	100.0	 3
8.361733221559732	34.0	24.0	42.0	100.0	 3
8.366147770051905	33.0	25.0	42.0	100.0	 1
8.376078548760761	33.0	24.0	43.0	100.0	 2
8.390223341113433	33.0	23.0	44.0	100.0	 2
8.393786023427618	34.0	23.0	43.0	100.0	 3
8.40289153287547	35.0	23.0	42.0	100.0	 3
8.40712485446799	35.0	22.0	43.0	100.0	 2
8.43204498420366	34.0	23.0	43.0	100.0	 1
8.452839268721604	35.0	23.0	42.0	100.0	 3
8.453373284942044	34.0	24.0	42.0	100.0	 1
8.464269074609016	33.0	25.0	42.0	100.0	 1
8.469479599932903	33.0	24.0	43.0	100.0	 2
8.478766674525048	34.0	24.0	42.0	100.0	 3
8.489618634650496	35.0	24.0	41.0	100.0	 3
8.50071936143172	34.0	25.0	41.0	100.0	 1
8.526151399297277	34.0	24.0	42.0	100.0	 2
8.530044993103488	34.0	23.0	43.0	100.0	 2
8.548340079567508	35.0	23.0	42.0	100.0	 3
8.58460217112562	36.0	23.0	41.0	100.0	 3
8.593528661754613	37.0	23.0	40.0	100.0	 3
8.597777027938404	38.0	23.0	39.0	100.0	 3
8.608462674982118	38.0	22.0	40.0	100.0	 2
8.624675989966924	39.0	22.0	39.0	100.0	 3
8.6259520547912	40.0	22.0	38.0	100.0	 3
8.638886319481914	41.0	22.0	37.0	100.0	 3
8.6420982551085	42.0	22.0	36.0	100.0	 3
8.672508111115246	43.0	22.0	35.0	100.0	 3
8.673621422604946	44.0	22.0	34.0	100.0	 3
8.682385256201927	44.0	21.0	35.0	100.0	 2
8.689576082672517	43.0	22.0	35.0	100.0	 1
8.693978604150047	42.0	23.0	35.0	100.0	 1
8.703945702865015	41.0	24.0	35.0	100.0	 1
8.712105899996242	40.0	25.0	35.0	100.0	 1
8.728345422373808	41.0	25.0	34.0	100.0	 3
8.728785454524873	42.0	25.0	33.0	100.0	 3
8.74241838345637	43.0	25.0	32.0	100.0	 3
8.765630942916502	43.0	24.0	33.0	100.0	 2
8.766281753708197	44.0	24.0	32.0	100.0	 3
8.770289275635132	44.0	23.0	33.0	100.0	 2
8.77672176598084	44.0	22.0	34.0	100.0	 2
8.781074399605112	45.0	22.0	33.0	100.0	 3
8.794919615214466	44.0	23.0	33.0	100.0	 1
8.805795234142266	45.0	23.0	32.0	100.0	 3
8.80699953146054	44.0	24.0	32.0	100.0	 1
8.818391230117147	44.0	23.0	33.0	100.0	 2
8.830088013018578	45.0	23.0	32.0	100.0	 3
8.84290273224234	46.0	23.0	31.0	100.0	 3
8.872258174328643	45.0	24.0	31.0	100.0	 1
8.89117712587486	46.0	24.0	30.0	100.0	 3
8.903596051376306	47.0	24.0	29.0	100.0	 3
8.913874511436887	46.0	25.0	29.0	100.0	 1
8.920924837887256	45.0	26.0	29.0	100.0	 1
8.932642022394589	46.0	26.0	28.0	100.0	 3
8.94399848457987	46.0	25.0	29.0	100.0	 2
8.946830424219518	47.0	25.0	28.0	100.0	 3
8.97695074406866	46.0	26.0	28.0	100.0	 1
9.009008256050835	45.0	27.0	28.0	100.0	 1
9.045528735874887	46.0	27.0	27.0	100.0	 3
9.048188327868502	45.0	28.0	27.0	100.0	 1
9.048772589732474	46.0	28.0	26.0	100.0	 3
9.063206123614187	45.0	29.0	26.0	100.0	 1
9.065187018881513	45.0	28.0	27.0	100.0	 2
9.073860993067637	45.0	27.0	28.0	100.0	 2
9.075775426803403	45.0	26.0	29.0	100.0	 2
9.087880998343794	46.0	26.0	28.0	100.0	 3
9.092518838721565	47.0	26.0	27.0	100.0	 3
9.093061624148499	48.0	26.0	26.0	100.0	 3
9.093438805264777	48.0	25.0	27.0	100.0	 2
9.095614716235396	49.0	25.0	26.0	100.0	 3
9.09923987440006	48.0	26.0	26.0	100.0	 1
9.113955091535358	49.0	26.0	25.0	100.0	 3
9.118085189639118	50.0	26.0	24.0	100.0	 3
9.127733789171018	49.0	27.0	24.0	100.0	 1
9.14265544278111	49.0	26.0	25.0	100.0	 2
9.17090814727642	48.0	27.0	25.0	100.0	 1
9.176798916172801	49.0	27.0	24.0	100.0	 3
9.208069120752626	50.0	27.0	23.0	100.0	 3
9.219585796852112	51.0	27.0	22.0	100.0	 3
9.23921828328735	51.0	26.0	23.0	100.0	 2
9.273773475217054	52.0	26.0	22.0	100.0	 3
9.287063538355742	52.0	25.0	23.0	100.0	 2
9.288739270221642	52.0	24.0	24.0	100.0	 2
9.292601101552377	53.0	24.0	23.0	100.0	 3
9.305972846133143	52.0	25.0	23.0	100.0	 1
9.330154843489964	51.0	26.0	23.0	100.0	 1
9.333366120510034	51.0	25.0	24.0	100.0	 2
9.33723643431972	50.0	26.0	24.0	100.0	 1
9.358521134253996	50.0	25.0	25.0	100.0	 2
9.365416534836786	50.0	24.0	26.0	100.0	 2
9.368340665669946	49.0	25.0	26.0	100.0	 1
9.368821227504414	50.0	25.0	25.0	100.0	 3
9.384182995671205	51.0	25.0	24.0	100.0	 3
9.389773001760283	51.0	24.0	25.0	100.0	 2
9.391695983575632	52.0	24.0	24.0	100.0	 3
9.399619839431898	51.0	25.0	24.0	100.0	 1
9.411447851494582	50.0	26.0	24.0	100.0	 1
9.434715417032907	49.0	27.0	24.0	100.0	 1
9.4422255496658	50.0	27.0	23.0	100.0	 3
9.454768549358196	51.0	27.0	22.0	100.0	 3
9.456981964442445	50.0	28.0	22.0	100.0	 1
9.470294292112058	50.0	27.0	23.0	100.0	 2
9.471454259276264	50.0	26.0	24.0	100.0	 2
9.475234895222147	49.0	27.0	24.0	100.0	 1
9.510931521344984	48.0	28.0	24.0	100.0	 1
9.52746374458202	47.0	29.0	24.0	100.0	 1
9.549605943705169	46.0	30.0	24.0	100.0	 1
9.558106352324868	46.0	29.0	25.0	100.0	 2
9.562637175301036	45.0	30.0	25.0	100.0	 1
9.5716680668987	44.0	31.0	25.0	100.0	 1
9.572177851102508	44.0	30.0	26.0	100.0	 2
9.575541181960515	43.0	31.0	26.0	100.0	 1
9.577549767055562	42.0	32.0	26.0	100.0	 1
9.580049796531194	42.0	31.0	27.0	100.0	 2
9.590759780994894	41.0	32.0	27.0	100.0	 1
9.595820962936584	40.0	33.0	27.0	100.0	 1
9.606968605126575	39.0	34.0	27.0	100.0	 1
9.608052666009401	38.0	35.0	27.0	100.0	 1
9.647550947709847	38.0	34.0	28.0	100.0	 2
9.65502449763539	39.0	34.0	27.0	100.0	 3
9.65961980403719	39.0	33.0	28.0	100.0	 2
9.670465982522476	40.0	33.0	27.0	100.0	 3
9.69473468469737	40.0	32.0	28.0	100.0	 2
9.700840767525225	41.0	32.0	27.0	100.0	 3
9.71998038558459	41.0	31.0	28.0	100.0	 2
9.726013166510281	42.0	31.0	27.0	100.0	 3
9.736734950046625	42.0	30.0	28.0	100.0	 2
9.752522771031359	41.0	31.0	28.0	100.0	 1
9.79287942613116	41.0	30.0	29.0	100.0	 2
9.798101913129182	41.0	29.0	30.0	100.0	 2
9.801010099803644	41.0	28.0	31.0	100.0	 2
9.82248076608563	42.0	28.0	30.0	100.0	 3
9.835890903109734	41.0	29.0	30.0	100.0	 1
9.848602786935684	41.0	28.0	31.0	100.0	 2
9.859086323004766	42.0	28.0	30.0	100.0	 3
9.876760601366628	42.0	27.0	31.0	100.0	 2
9.883517183121928	43.0	27.0	30.0	100.0	 3
9.89556386883576	44.0	27.0	29.0	100.0	 3
9.90180425279267	43.0	28.0	29.0	100.0	 1
9.90521737504825	43.0	27.0	30.0	100.0	 2
9.933998127103363	44.0	27.0	29.0	100.0	 3
9.970782438382104	44.0	26.0	30.0	100.0	 2
10.005234158344999	45.0	26.0	29.0	100.0	 3
10.031243208737232	45.0	25.0	30.0	100.0	 2
10.03162565922985	44.0	26.0	30.0	100.0	 1
10.038965981505475	43.0	27.0	30.0	100.0	 1
10.045783635537692	44.0	27.0	29.0	100.0	 3
10.068549247817227	43.0	28.0	29.0	100.0	 1
10.099769996704428	43.0	27.0	30.0	100.0	 2
10.110603950053356	44.0	27.0	29.0	100.0	 3
10.144424484083896	44.0	26.0	30.0	100.0	 2
10.148758697361698	43.0	27.0	30.0	100.0	 1
10.178641645001463	42.0	28.0	30.0	100.0	 1
10.188395517505539	43.0	28.0	29.0	100.0	 3
10.198531203692246	42.0	29.0	29.0	100.0	 1
10.208835551470534	43.0	29.0	28.0	100.0	 3
10.210302346613192	43.0	28.0	29.0	100.0	 2
10.251801220368153	44.0	28.0	28.0	100.0	 3
10.266121525583236	44.0	27.0	29.0	100.0	 2
10.275877037923074	43.0	28.0	29.0	100.0	 1
10.289041552044015	44.0	28.0	28.0	100.0	 3
10.292223583379604	43.0	29.0	28.0	100.0	 1
10.29658655858743	44.0	29.0	27.0	100.0	 3
10.308560631682036	43.0	30.0	27.0	100.0	 1
10.325163170326158	43.0	29.0	28.0	100.0	 2
10.366193889887349	42.0	30.0	28.0	100.0	 1
10.401289201943205	41.0	31.0	28.0	100.0	 1
10.401584233404414	41.0	30.0	29.0	100.0	 2
10.469168309618594	40.0	31.0	29.0	100.0	 1
10.471639074822917	41.0	31.0	28.0	100.0	 3
10.473027855399984	42.0	31.0	27.0	100.0	 3
10.514168725818665	43.0	31.0	26.0	100.0	 3
10.541912301304762	42.0	32.0	26.0	100.0	 1
10.54604616452685	42.0	31.0	27.0	100.0	 2
10.554715273030787	42.0	30.0	28.0	100.0	 2
10.581143886803453	43.0	30.0	27.0	100.0	 3
10.593985944889926	43.0	29.0	28.0	100.0	 2
10.598948900379634	44.0	29.0	27.0	100.0	 3
10.602627610937333	44.0	28.0	28.0	100.0	 2
10.614350946768226	44.0	27.0	29.0	100.0	 2
10.618093121217742	43.0	28.0	29.0	100.0	 1
10.647092510650626	42.0	29.0	29.0	100.0	 1
10.648433668362674	43.0	29.0	28.0	100.0	 3
10.671478423482549	42.0	30.0	28.0	100.0	 1
10.674221602954661	42.0	29.0	29.0	100.0	 2
10.678827635132935	41.0	30.0	29.0	100.0	 1
10.701466103781572	41.0	29.0	30.0	100.0	 2
10.710154657690861	41.0	28.0	31.0	100.0	 2
10.725933325935037	42.0	28.0	30.0	100.0	 3
10.728879245745492	42.0	27.0	31.0	100.0	 2
10.729928689525822	41.0	28.0	31.0	100.0	 1
10.742794723874288	42.0	28.0	30.0	100.0	 3
10.765365760100504	43.0	28.0	29.0	100.0	 3
10.78751958672062	43.0	27.0	30.0	100.0	 2
10.790785300489716	43.0	26.0	31.0	100.0	 2
10.81197331054885	44.0	26.0	30.0	100.0	 3
10.81824835227789	44.0	25.0	31.0	100.0	 2
10.827842705985603	45.0	25.0	30.0	100.0	 3
10.83285159290188	46.0	25.0	29.0	100.0	 3
10.88987119461598	47.0	25.0	28.0	100.0	 3
10.89277939870787	48.0	25.0	27.0	100.0	 3
10.901157501940933	48.0	24.0	28.0	100.0	 2
10.904054544120747	47.0	25.0	28.0	100.0	 1
10.907468537105109	47.0	24.0	29.0	100.0	 2
10.924572586680128	46.0	25.0	29.0	100.0	 1
10.93947631917007	45.0	26.0	29.0	100.0	 1
10.943183837666849	45.0	25.0	30.0	100.0	 2
10.950345865881872	44.0	26.0	30.0	100.0	 1
11.001485668244062	45.0	26.0	29.0	100.0	 3
11.009411610261534	44.0	27.0	29.0	100.0	 1
11.035944613824029	44.0	26.0	30.0	100.0	 2
11.038296089959035	44.0	25.0	31.0	100.0	 2
11.046221098002066	45.0	25.0	30.0	100.0	 3
11.063085551388891	45.0	24.0	31.0	100.0	 2
11.063956929550848	45.0	23.0	32.0	100.0	 2
11.067044827430347	46.0	23.0	31.0	100.0	 3
11.081309045331558	46.0	22.0	32.0	100.0	 2
11.08601301051686	47.0	22.0	31.0	100.0	 3
11.09808347680031	46.0	23.0	31.0	100.0	 1
11.105962810065433	46.0	22.0	32.0	100.0	 2
11.118505371774441	46.0	21.0	33.0	100.0	 2
11.15621083711009	46.0	20.0	34.0	100.0	 2
11.189878723134449	47.0	20.0	33.0	100.0	 3
11.200176109885177	46.0	21.0	33.0	100.0	 1
11.211392509093216	47.0	21.0	32.0	100.0	 3
11.229303511727432	48.0	21.0	31.0	100.0	 3
11.234095503834723	47.0	22.0	31.0	100.0	 1
11.23953687973445	46.0	23.0	31.0	100.0	 1
11.254211282261096	47.0	23.0	30.0	100.0	 3
11.270277635494622	47.0	22.0	31.0	100.0	 2
11.297476503230012	48.0	22.0	30.0	100.0	 3
11.299372422926862	49.0	22.0	29.0	100.0	 3
11.301461283299101	50.0	22.0	28.0	100.0	 3
11.30594942933313	49.0	23.0	28.0	100.0	 1
11.321089262280505	48.0	24.0	28.0	100.0	 1
11.334053386451943	48.0	23.0	29.0	100.0	 2
11.35958169314645	47.0	24.0	29.0	100.0	 1
11.389055860345493	46.0	25.0	29.0	100.0	 1
11.392379838905843	46.0	24.0	30.0	100.0	 2
11.39950679704093	46.0	23.0	31.0	100.0	 2
11.409018336840962	46.0	22.0	32.0	100.0	 2
11.42241524299819	46.0	21.0	33.0	100.0	 2
11.423639801334945	47.0	21.0	32.0	100.0	 3
11.425829226672418	46.0	22.0	32.0	100.0	 1
11.44580843876256	46.0	21.0	33.0	100.0	 2
11.467988662140487	45.0	22.0	33.0	100.0	 1
11.468273239424613	46.0	22.0	32.0	100.0	 3
11.474541892642721	46.0	21.0	33.0	100.0	 2
11.515999153274619	47.0	21.0	32.0	100.0	 3
11.531973196167817	48.0	21.0	31.0	100.0	 3
11.575222737730472	49.0	21.0	30.0	100.0	 3
11.583056489260146	49.0	20.0	31.0	100.0	 2
11.590090200568115	50.0	20.0	30.0	100.0	 3
11.597622014684095	49.0	21.0	30.0	100.0	 1
11.599032341144483	48.0	22.0	30.0	100.0	 1
11.61650957863278	47.0	23.0	30.0	100.0	 1
11.61700717317387	46.0	24.0	30.0	100.0	 1
11.625001552131467	45.0	25.0	30.0	100.0	 1
11.62854723396836	44.0	26.0	30.0	100.0	 1
11.643443173703353	44.0	25.0	31.0	100.0	 2
11.643717276158192	44.0	24.0	32.0	100.0	 2
11.646333927503035	44.0	23.0	33.0	100.0	 2
11.64951266424401	44.0	22.0	34.0	100.0	 2
11.67623867949867	44.0	21.0	35.0	100.0	 2
11.681613329083458	44.0	20.0	36.0	100.0	 2
11.692009142310523	44.0	19.0	37.0	100.0	 2
11.69369251086381	45.0	19.0	36.0	100.0	 3
11.697264293587196	45.0	18.0	37.0	100.0	 2
11.795183267556922	44.0	19.0	37.0	100.0	 1
11.798314363153409	44.0	18.0	38.0	100.0	 2
11.819329945901279	44.0	17.0	39.0	100.0	 2
11.824291807980279	45.0	17.0	38.0	100.0	 3
11.846401431714128	44.0	18.0	38.0	100.0	 1
11.849905510256816	45.0	18.0	37.0	100.0	 3
11.876709164453125	45.0	17.0	38.0	100.0	 2
11.882471940922894	44.0	18.0	38.0	100.0	 1
11.890483077410574	43.0	19.0	38.0	100.0	 1
11.89317991631125	44.0	19.0	37.0	100.0	 3
11.916899995503321	45.0	19.0	36.0	100.0	 3
11.926449855581833	44.0	20.0	36.0	100.0	 1
11.930040988408402	44.0	19.0	37.0	100.0	 2
11.945245246344276	44.0	18.0	38.0	100.0	 2
11.950348686005459	43.0	19.0	38.0	100.0	 1
11.977149333391596	43.0	18.0	39.0	100.0	 2
11.978726827396725	44.0	18.0	38.0	100.0	 3
11.981919895198494	45.0	18.0	37.0	100.0	 3
11.998419866982697	46.0	18.0	36.0	100.0	 3
12.001176942094	47.0	18.0	35.0	100.0	 3
12.011013669395293	48.0	18.0	34.0	100.0	 3
12.017751292750496	48.0	17.0	35.0	100.0	 2
12.020450185073193	48.0	16.0	36.0	100.0	 2
12.046552341959197	49.0	16.0	35.0	100.0	 3
12.057954578948241	48.0	17.0	35.0	100.0	 1
12.081832068047452	49.0	17.0	34.0	100.0	 3
12.108070856144927	48.0	18.0	34.0	100.0	 1
12.108614775132873	49.0	18.0	33.0	100.0	 3
12.11000707662353	49.0	17.0	34.0	100.0	 2
12.120222116970163	50.0	17.0	33.0	100.0	 3
12.124641794801175	49.0	18.0	33.0	100.0	 1
12.14890441094275	50.0	18.0	32.0	100.0	 3
12.15879649029066	51.0	18.0	31.0	100.0	 3
12.162456967192428	51.0	17.0	32.0	100.0	 2
12.177378750899049	51.0	16.0	33.0	100.0	 2
12.181909088242458	50.0	17.0	33.0	100.0	 1
12.191512140186145	50.0	16.0	34.0	100.0	 2
12.217461746987215	50.0	15.0	35.0	100.0	 2
12.232265859340735	49.0	16.0	35.0	100.0	 1
12.251997528269428	50.0	16.0	34.0	100.0	 3
12.266057331292078	49.0	17.0	34.0	100.0	 1
12.314711877702408	50.0	17.0	33.0	100.0	 3
12.318604008751738	51.0	17.0	32.0	100.0	 3
12.362208061484962	51.0	16.0	33.0	100.0	 2
12.383747455159623	52.0	16.0	32.0	100.0	 3
12.385723317397948	51.0	17.0	32.0	100.0	 1
12.394465323277569	50.0	18.0	32.0	100.0	 1
12.400429660997098	50.0	17.0	33.0	100.0	 2
12.428355427533656	49.0	18.0	33.0	100.0	 1
12.435283839643974	50.0	18.0	32.0	100.0	 3
12.444787481518603	50.0	17.0	33.0	100.0	 2
12.466007732646407	51.0	17.0	32.0	100.0	 3
12.492017853493913	51.0	16.0	33.0	100.0	 2
12.500063605963657	52.0	16.0	32.0	100.0	 3
12.511354526307116	52.0	15.0	33.0	100.0	 2
12.532353126847775	51.0	16.0	33.0	100.0	 1
12.543213551195018	52.0	16.0	32.0	100.0	 3
12.549220014018912	52.0	15.0	33.0	100.0	 2
12.553482414918104	51.0	16.0	33.0	100.0	 1
12.555626458552727	50.0	17.0	33.0	100.0	 1
12.569942909666667	51.0	17.0	32.0	100.0	 3
12.581450102345066	50.0	18.0	32.0	100.0	 1
12.599168229220496	51.0	18.0	31.0	100.0	 3
12.602190747200485	50.0	19.0	31.0	100.0	 1
12.618500609177433	51.0	19.0	30.0	100.0	 3
12.625667604270424	52.0	19.0	29.0	100.0	 3
12.633999350610878	52.0	18.0	30.0	100.0	 2
12.649646710007746	51.0	19.0	30.0	100.0	 1
12.649841332322312	50.0	20.0	30.0	100.0	 1
12.658726761191822	51.0	20.0	29.0	100.0	 3
12.66650567469168	51.0	19.0	30.0	100.0	 2
12.67359128890925	51.0	18.0	31.0	100.0	 2
12.67839587242179	51.0	17.0	32.0	100.0	 2
12.686217863462163	50.0	18.0	32.0	100.0	 1
12.717884068624539	51.0	18.0	31.0	100.0	 3
12.723372219142036	52.0	18.0	30.0	100.0	 3
12.724262435337323	51.0	19.0	30.0	100.0	 1
12.741481815323574	50.0	20.0	30.0	100.0	 1
12.755931728088559	51.0	20.0	29.0	100.0	 3
12.757208513720443	51.0	19.0	30.0	100.0	 2
12.774132017593107	52.0	19.0	29.0	100.0	 3
12.782442322037415	52.0	18.0	30.0	100.0	 2
12.8	52.0	18.0	30.0	100.0	 0
